$ANSIBLE_VAULT;1.1;AES256
30373962383932373038643230656363356131353639303733663135646439623033303138663966
3033363237343064613465306561613834366433633838390a303665613339313638383830333836
61643031653836363037356136383036326138613830633032653731666231656235666361313038
3330323663363734640a316639393831636164336138306631666236376664316661333837643534
36343133343537643838646264633737313237346361316338346332323461333765366564313265
66616336643830663564333166323462646331393430323435396636333566393234626136636136
63646531343032336438613139643861613939393834623930653763376134643066656136353835
33363365306434653264386266356336623036643638616639366466623061666434653736386135
36383830313832306264653033316331333530633538313362343332666234656236333639343339
64306464346162326164306564343234363135336131363764373865386361666633623235666662
33656638373132636232323665393936663839633630363730356561613135643332656164363963
64316530393038323266636137353730623333396163656462626565316638666330623030343861
61323732313962313231333439663435336637303537353766346438663933613062613138656564
66356334643133356231393432643962366363333034643737386633376665316362396438643765
35656237663662653962623565346539376239333663326364393834316134616262306539323133
38363938326138346233333237653332643030333136663836393562636265343130656362373833
30356639643766316133323061303063633139623434626330616364323832613562333864376333
39303530363231313739663831666661333532376361316632653232353337666534643235313833
37303835306665333965313836623137313164313964383766343966316630303063353364306563
30646361333239393533663732346539653231373130616531306465393435633964616265313462
64363865636632633161373333643037363765623961346362653332656330313035323234666432
63653862303538313463383139376535666633666165346332633961393439666462643130656133
33613163636263316434663436613162663439363936353836376438303432383730633333643636
63303439343032646138343862376566636365666566393838653134653762373638333838643836
34383733353364366166623162363134663865353731316461336435303539313230663862303134
34353861656336653739323138623862383039366339663538653039653266383139386465366130
30613564353661303939383561346436383563353432653330633330396236663536623239366435
34383639373931636635376238613038643033616661383463353562623830653066656236626535
32643461623539616438643565353763383964373762656638303138633839626464326164396633
61626165363236343063343634633232396231613061363531623131333463343730643334663937
35386234326661633666383364353835303863653039633736633162656162353131643566666433
65643736303430316636613662653661616530633266323831303465613739653038323165616235
66613332646165353935333332366331643538613434656133656435616665663730313834643138
39303538373430353935616262633263346136333834386564363333303861666632626138653761
32326536393130376330323066343031353664323335653464346434353839333234353436616630
62666164336439643664653332396535633033653561346434343934643738333465323062373162
37663865373035333232363730356235623365643438346439306437633339343031333036393232
33623731333232333535646434343266666536383332363830313433366330303538383237366233
66373139343538633234643639373830323065643965623334336238383830353838653738636361
66393236356237616165326339626461333661373266363930663561343264316464636666393936
33616433313934383563363631343366633135366563346465633061396665616161353065393465
32663135313733326137313139383133316462333831643763623836356562313266353034366434
64376630313430633130386564613866643461303461303665393763646364313130346166303564
39336462646437356565353030643037353463666636343765346166343838643837326363306563
35303133343161636138613030386438653432663561383431396562333262383865313761313262
33356664376638326663643238346338636438356563396139306432363863333737666232623333
64656166373862393361373436643130336262633163383037343164333764633461623962393038
66383733393866363435633333663636346363386530316634653864646532633535396533313930
61663161623431383365613339343262326532643937373565323364623833323664623063636439
32356235303937303665326366393839363736313133366365633131646562373339613366626537
33393936653033376464313838363639383461396665343563326562316638636163663465653236
34626464316637366132636466633739313062383036383935316432623933666566386338666163
39313266616665346431386533636534666637343535366461306139643436356333373939346337
39643738306264303737333436383435623235633564343434633439633365303538393738356261
61666132626332373034303337333132303165613836383638313234343362313764643163326133
33653938383732633039653835633466643930393262356134613835313862303863653464353166
66343765333166313265393830303431613865616132356634376331366336376632616139336561
61336164663431656165343836626335616262353634366232363965393137396536303732616631
37363464616432373636373764646465623633633636373132363630373036613736333162623632
39393565616133663636346466333863336432613062343265353032373562623863353463663439
36373232653538393135383863363537386161623235343165313133316631656632616532393564
64393231653165316165376530323435313332653830373666383337633531373939353466393762
36336637383062363838313562303463303062623734376236633939363236396463623335343639
39643536373039353861643239636263333064373132663266313835633363613063396438653836
61643835373165653865326430613832646264393334646334333761623031306636333837366162
64623336623936636635343866666537613461653032303230636135613032343865386136386462
65326666353632303935313732656434633661653934633634393534393731613231303565383538
30653033633166363637653533633230316465666337313234333239643761646236306663363264
36353933623538313565643663396630313634383936363162643561643465326663396663626237
63353433306531623064356631343164386630663965346663353039613935373336313764646565
36613534353838663631646662376139633931633466636132313830326135616135326466656265
30303434343462646463363966323639306239636166616162626564393735326265613938383335
35623238613131333165646432333161373837376334383437613339636139663733393930306330
61363637326664346534636634303935643062376535653833613363396230663139353036613163
38313964316433366531653033336539373262306364373161626566643262333130343130653536
38666339386163363863353663393862376131363364613139313666376363343031313132393036
31373439356435383835643939643064633365613731333364306631373634386235373831366438
34306335326537386639393336393265363266383966353635353536393136356439336638643866
65336633363364353339656233633537653865346337316262623063393637663864336136623363
63393938373531663239643061343063303534663939353763333338306337623036303231376331
32623039323561393864373932306330613231396437313364326463323964616631646132653632
66643265353063346436646165306364633038333161643337373431326562373261626565363639
65346165663132623762326633336334633661373830363863343033333865333965373361653162
37346335613233623232633931656437393261646663366263313636643964343833323236323062
30396461376530363065343035666335333264303031613830366635623635653561643938373866
38623833663963626561363162386361343332643830633861313139656539613939613334333735
39363966376131666630353436663232656364643365343062343132333962333164346433306536
33643836366238333131646463636530366564633866306339376437313034323832343862616139
66313436623233323234626638383535393533313631626130633461383439366361336538643164
37653630336235373265306135336663663865633038313664323134623639613137303531613565
39653132326635373136383364373762633832653337336364313737346361356565353637663432
33373737633033303639386666376239616439653235363138383738613037383833616166383739
33666537333566343962326431626536363662383431653531343138316439613162396531376139
65373037396662383332653635396561363062393236383432393564393932323434373062393465
61393736376566313436396235333862363663636236363464666334373466633639303031646434
64656539323761336231643038333837613735613366633139613530663232313332303032363261
37656563353431303564323435376631363634373833313038663433666563636661383330663937
35626135313339316631336233613936303533643164343030386530303565383039613135616537
37376164333665316533396432396634656565643833373137616264653562363865343638393565
39353461333834326662306364383733343735303438313231376439623465636466323362663631
38303966626333626461643835386631383866316533323335323463633864333439396432303735
65393064393139626239643839363763663765343862663537386137396131353536356162373065
32396466316264663332326266623138333335393434653739333739633332613464343161393338
61666234663062313462346535313264323035366235316435313566343736343738363830366362
35313666383832613231376136373936376432656562373239393532366163323662663334356531
32373134623666663663653632643631306232636530356362653932316661383435356266393132
66386532323031323863346233373435303033313666653133356163646233623632373266336331
62333731333737663565306661356663353839646465326231616332633730303864326134633664
39393866333434623739343232396438323136626565663063353233366535643833326433366665
33646564613562313165613337616336313066313661303463356633383638353430386163373339
62386532613937306131656365623131643935313332396137633538353434323432313135643035
64353564626231353865316539333031643537313763353434353535613566346566353865386534
36333164316665366537333133353263613133383736663131306166343736666535653134376631
37616336663863366464393466313663303866316131653436643637656433643438343236613838
62633064376332613432383331316164373031396361623365323934303833303433633765363835
33323161356532373963613934396637313238616565383562393363343230323131366238386265
33393232363761383465636631633563616262333130366130343361393265303836623732623638
61363865393864373031326334643632316535316630616665623633306338336638656632643766
63393030623262373765396163373261653739653166363365646534336134323138316162626264
36313639316363653534376236323366323165383038626230666435383030643561633238363465
35616139323264663164613532666661643237303739303732346265646336313365666434366564
34663965306639343062633636316166666537646134353430373236303134333733633764353966
37343466643863376630393634353132353836653932633735643933303639656533313535653566
32313266663763373130636532333737363239363431306634313032616333643231393239396334
63373538636463616465316466613937353831396337373838316439633839613438356166366637
30326237396233386364396563616639386661346466313836363530646235326661363365396637
35616265613237373932373937303330616338653066373034333761626565333739363963303838
66323133643166343162663465356239333330333431313162633862343161306138313831353538
38373065393936386133623362326233343438373839623437666631343761633263393139626364
62373133313432373938386461636333633939343433663263363330656566363339333135623161
62623732333861373733626631316466633434323737313134306566386234636336626534343964
36666264343561353463316664383565303931363532303238643862343364356633643639366233
61626562653963396364343335346661383237613763363566663436356365656238376533316466
64376137316439333435386464613665336561313535633161393432393538616132306338383336
66333563306266376536313737376461636238303230643532393633666561353066653534303932
33623566613161653539393566333432353834626266653261396131343336626638646236396262
62663430363564613235633730336536623632343663663664333839643138646266313332646562
34623638316439666465633831336535373638383032373765333338356265383230323365343237
66653332393866373633616532343961623930666165663232626431353636623261333666326165
38303637376537366636313037613538393639623434323361616161646334643237653163306465
37636233336330643965613464633761626639393633383030336337353139353363316633636134
39626263366534336634383535626238383639326134613238353631363061386263653237303139
66623666396330356339396636343830343139333331633963396237396430323032313766373433
32363065346530633839623831623363653732616333396335626330343834623735343132373566
38336530346538613433353537393234363630353962623764636530646438376130653537643036
33336433393035396164366139656536326132623762356261323230323361393436376464613363
63636635393065306564623162353331613462373836346133333730613666393364343838346534
63346237303663306332626266646663363431326230653136643362326633343661623435636136
31633761386630653330666634353765636534306432326562616565626162316461396235386537
34393965653461656336633066353639356632373262336136626361303530643131376664633765
64656635663964633836393064616431323365633164396231323363326634336130303062393265
61613064613162383964646664303464623937366463613466396137373232386365653061623363
62623961643732326161383830383033656135366162636637353836303765343237633239343439
37303538313666653266643061333635376533383564616661396165363331326565613430323933
32383535353438663833373138326431653930633433646233633532613466633333366465633361
32303437316331303431343133336365383634613539336465623633623430666532636132323263
37333637656262316365653063326431636361633663653132383863366230343639353366373735
63333934366338323335333535636365653666383331303865616530353234643234386631333931
33366533653331663737613362373663313163336166636131313166663830663639333335396231
65343864643365343064363637393235346538386361356536373934646165363765356132653839
66623732363736376666393135333466316531376631633537643930383539303634666264343236
62323762303464666133323033653834336161633663613463336131613661363264633062346335
63646233643363653566346464663961316438643934303938653161383039633231303638356635
62343264333166393136396530643661623861653135636131383132623931353961363137306166
65303539343931666237326438373561643739356665623362613431316531366162303166336566
34356362333164373937336236643033316664353538643861656432633032336661376362386435
39323034373331646230343032633632323939343738336435373832643831386465666136313938
35316536316138356464316132646135323731663636353337386632633531393639353135626537
62346237356362623035363461656135346237396638663734633330313135323239343530323839
36323530343833303636343061636334326561666661653163303362343738343433326261306666
62616563663734303039313961626636386161656131636264363538363438636535346465616630
30613435373263363539373532353038353338353466353938386363346136643438343937656435
35646534326138306236373239393861393738616330643134343664313762623738396234303063
66323131323563653561366162356530653833326232313063386365373737366661396661623661
383533633430646663626365316336356238
