$ANSIBLE_VAULT;1.1;AES256
38376635303831626566353134636235316435623334306236643137343731663735643330376661
3036666535626262643834316461313138643361343939390a363136396435623339343136333466
62383436366639613832396235326364653962393866626463376664636465343238653730346462
3338633938623131640a333963643933346463333363363036396664646233343833616636383461
32323362313530646438613965613233326432623163353466623233343434353131653535656637
66396532333437663265343164363230613534626131323437306434326433666661663261626539
65336335333437663436323930613736393535626462373232313533373633633465626563343232
62376330653132643061656663333064323035633263313734313738363431333462653936333931
64386238666461623730303335643437366533353634393564376139393664643835633332383164
64386238643333663436393132373931336133633335326435383136613234303463656136653433
38613030326632663565626165653938326466383930303666313462306437326164333165373365
35386133333233333930343635396162346133333866633737353566373832383235613330383163
30373031343831306630626264663730633535336435363164303462393230336261653261333237
30396339633934623938383133313464643531623262653230363664346633346631383064653231
62623632373238366665333035373462376530313835336232366564393934373935356432346339
31643665666362343162616433353630326338336365656235393562393130653832653461336139
64633139323233396563376137383464666538343664613132343536623136663762346137373337
61333964386463363465306165376665623161643032643264306662396438363334353133653839
66326265386538346439303763356631373562383263336463626366333538616534363533623733
33383636633037363061333162623935336134313666643263363966643730623133613663373730
39333634626663613230636434623463643963353534363633643164663238623232386630346530
35626363346337613537353561323037353165366230663434363435366230653761666462313962
61356139633339386366313665653536646166623762353635373734333033346666633937313036
66333432626265303131356664656363653235643031376231626264356432656433303338316466
64333039356133396236353335666537666639356263393965303766623361376638626266633430
34656336313638313635346637393832303639626164393837363761396465663833313763353930
38623066366564326638396464386562663634323036666435663462366332653836626533363761
64623264376239363462336562363564643038393963323735643436383236333636366136666330
39383831383363386563666233333564363431393436663239373339636436383733316562383734
61663931383131333765343561633766353132333063313830303064653434353465653961643864
62613439306635626436323934323834353562316537313532663830383437353565346563623436
31386162623438326263626336336238656638646530333538636439663934643861356662383732
34343365353336343136323133363463333137393263303731353534346130353734663238616237
38663036656137623434366532623435626430623265346433666366623733663433303666323235
37636236363233373437646633316134636533396666613035333164363430366535386361383566
34643261653062363930306231616237343266396431353465626233393235643566663735623264
63356262653663646234353165653865623463363838626566653266376565306164356639643763
36396435656535373538326431366362366165333464663965663061643639303461393534303965
66373163363266343263363133613364633562366534366261643765383663363239356362633839
61303063323261366436343161333365626663376231623735653538363830333737316135623533
30373930376237663031326530323536303662303337633334626163653430363563396533656330
35616235623631313434623837386330666439626662303664663035383832613832353662366231
66376531646638326431346539376537353462663335393561353161613535613537353634653165
61306539323866333330663330663732343634353631386431373361653264333861386533653161
36653337353034383365383333396361366538313731366262333937393637323430396161653961
66386461303533333237633965363937333933326232663831626234343164326431353264366266
63376538613839343930633832303463316639353333386663613263333863353537376361336439
65383335393037396339353462613138376562326164613666396164363436313363663966353933
34383139306239363262323364343961326537616564366535346335396331366630393163333431
62386263353463646563613565353530656632353334623862356134303164396234356138356130
66663138663138326134613038636137376532316335326539313231613833626562383435663066
64646430666563626363303763343563633366616365376434343130333835303763666631396432
36663430623836666631633439303736653736636631636166316336646533396538313039353330
65616135343063653961336230336666336231343632616662646432613266336338653039396337
35626333323361303136356163656665666138643232373466346161346266373664636332313536
39343462626163613135646164356131656666343630316634616433306534386433626639626532
35653738653963343638653431396561646337613933376532376533343066666630386431653230
36666261653263623636623930633961333030353631383336643539643565363832353430636234
39376266613130326330393162393664386136313732346361393363616139313732633533613237
66646639353363373338616363393934616236626436353062333266663838343861306631633265
62363463303535393532646535343039353836323130633636613238313265376436306334636339
34343130633638313062613939303339373864323139323264323337333564316330343764616539
34656132653131663961613361633462373164646130613761386262353863346633396137333461
35613864303436633137353835303865633131323462326637306334393934393232363532383362
63303236646338303333386639383538393433313464636439323737396663396238363930363933
61363435653365376466393133343864353136353738616434643061666231303234333365633539
34663966353936383932613530346561303137376633343731376133393934323332623033306463
65353833316366323131623137633237393265383538663262666635303231633030623432663061
30656262343132653930386530653139313139653132306435373639373366623430663436373436
65373763313135363438353234313537356262663439316130653165303262343262383066333764
37636232333530306564623935633365633432656630666237333062383663643364346637336235
39363739363733373434346434363432383939663836383937653266396265343032363437383163
66303530333739366466616633326639336262303733386664336165386331636138653738313734
30616238366239303065653637616330333030633136643231363437376661343939346430666431
34636131623462633732333836343433383061643837653135396230663834316130366165653336
30343966623935333139626332633431633366613166353031613766366465393436356662366437
30303965636234363833646131386266666164653361313337626365393363326466393764383738
32396636323939393563363932396462613266616530383830343231613133356461363235386537
30346234636164373864656231386230653734636433333238313633363964623231393765363939
37636134336265373435363832383830393730316261616239646336303836393733633035616430
62633961343338613262376536373439616166626332316564353865366334373462333366323637
61353863393837663337626363373734646661373732323364303161343838633332396138306230
35396665316636613335336335646238323735643065653530663562623834396232306533656366
39323663666435326432383661376665316462323830333938633062363164623565363566383938
62663732373530393630653138353561643130333939656565613236643631663439326533346361
39303333396132636230363238613938626164306233333538363363633935313265323233346433
66333231656339316137363330646334336235646230666431663738343665323734363539363666
30383134343465663238656138363431653161386465323262343232313466346665393130376165
34346362393933313366313437326139626337336630323839393461333834366236373639626461
37373963376634303961396362323364386132396461343234653331353137623565643234353237
39663036343063303436616264373037626237393039613935623633333635346362363866303330
33643239326430313931303637343663326563643166326164613937373137656266613562356534
34663234386533393238613437383063323131353639623865316235323330326330363962623136
37306330333161336332346237643165396435356136623066363565343333636365383663616361
35323066346535613131626431393939643062336331363532663931663032316163386163663533
62323133653739663462313531356331346638336530316230373766373438363030623238333937
32363061336337323234383138636131333066363039616164613064333866613138656438353033
39666237336139333464383564643166623734653162316433633235636462306363353330653664
36383864313435313133636136653464643461363133663239343638663464366165323365643535
38646634363065636236636338383932626439306130396665373161643664343261326363316665
34616332646532396438643333626638623366623531336166303166363564626638363665643139
31656266323962336234353961323135653636356238383863326238623262616163366437646663
39393234356134623466373038376561336665343136363763343638343732613831666661616461
33383762346233303831353566356635313839656335653764393662383162333436336632373937
62383366336530333833366231666532313931376232663339666130633036666263643463386639
35383763376230373839356138656461326139333161623566396231303761306137386362363261
39663266343163653662396338663164373934363830306633386334336565323336613666633731
30323961326334346464356563623865303439373034666334366465653262393664613839653862
61623634333635636530383662666163356162613033346664393533363062623239373530343731
31653839386532613437396263383732643033666636353430656530306233616535393633346332
34316638356361373530363138393065663134323964346531636638363337616537326236353462
33313830353032333930616638386365306330666531373939383133396232366636386236663861
34316462643433373962383362336265623563303263633739623165633632366633383235653165
63306561383636623433643935626631643533386136383337306234336361643561323161666136
39333330353262386263356361356163303265623338373136333065316238316630306166373636
30656532363266653832356337306561336432393836663139316139653364333562336564363239
66323838393131326166623666343466623763396339353261643763303136373864376139303738
37393839303464393362353730386461666230366438613765313138636439623235633566646533
35363639656234613264643865633837356137386437363061633933383166616231636438383263
36663564383262393936653230653138393737383839306534663136313031646335383538656462
66363335373932616630336433313366396338646532366263663664623161666433383363613835
61656137643462376632343038626137616332303537616462393336633339663734653066653334
366233316638316430383230633432333739
